m/z	15N					
921.7	1.383					
955.6	0.925					
184.1	0.822					
1014.7	0.699					
536.5	0.666					
830.8	0.638					
956.6	0.584					
645.9	0.520					
793.6	0.504					
759.4	0.458					
794.6	0.457					
829.6	0.427					
1198.6	0.413					
111.1	0.362					
831.8	0.359					
1311.5	0.350					
537.5	0.342					
1128.8	0.341					
760.5	0.338					
104.1	0.323					
647.0	0.318					
1015.7	0.312					
1312.6	0.303					
944.0	0.290					
957.6	0.287					
940.7	0.282					
1127.8	0.279					
1199.7	0.275					
124.0	0.274					
684.6	0.262					
118.9	0.261					
1382.6	0.255					
901.6	0.254					
128.1	0.253					
631.5	0.246					
590.8	0.222					
708.5	0.219					
922.7	0.217					
806.6	0.216					
717.4	0.208					
945.0	0.207					
550.5	0.206					
844.4	0.206					
1200.9	0.205					
958.6	0.203					
685.7	0.201					
1496.3	0.200					
915.4	0.198					
632.5	0.198					
718.4	0.196					
916.5	0.186					
563.5	0.181					
1383.7	0.179					
832.9	0.178					
294.2	0.178					
114.1	0.178					
902.6	0.177					
115.1	0.177					
686.7	0.175					
216.1	0.174					
102.0	0.173					
1016.7	0.167					
917.5	0.166					
164.9	0.166					
941.9	0.163					
929.2	0.162					
1129.9	0.160					
215.1	0.158					
930.2	0.157					
126.1	0.154					
752.8	0.153					
1003.2	0.150					
1313.7	0.147					
648.0	0.146					
1566.8	0.145					
190.1	0.145					
845.6	0.144					
576.5	0.142					
280.3	0.141					
886.7	0.138					
113.1	0.134					
1495.2	0.133					
1028.1	0.133					
195.0	0.132					
396.8	0.132					
146.1	0.131					
1384.7	0.130					
931.3	0.130					
658.5	0.129					
206.1	0.129					
116.9	0.129					
1497.3	0.128					
704.1	0.126					
603.5	0.126					
162.1	0.125					
577.5	0.124					
1567.9	0.123					
906.7	0.122					
818.6	0.122					
907.8	0.121					
154.1	0.121					
746.5	0.120					
816.6	0.118					
617.8	0.118					
778.7	0.118					
188.1	0.118					
562.5	0.117					
1029.2	0.116					
354.3	0.115					
120.9	0.115					
817.6	0.115					
578.5	0.115					
926.9	0.115					
1085.8	0.114					
710.6	0.111					
659.5	0.111					
135.0	0.110					
130.2	0.110					
144.1	0.110					
371.2	0.110					
282.3	0.110					
616.5	0.108					
186.1	0.108					
165.9	0.107					
764.8	0.107					
342.8	0.106					
1212.4	0.106					
946.1	0.106					
178.9	0.106					
494.7	0.105					
335.1	0.104					
217.1	0.104					
127.1	0.103					
859.3	0.103					
1569.0	0.103					
604.5	0.102					
278.2	0.101					
747.6	0.101					
913.2	0.101					
1000.9	0.101					
807.8	0.100					
147.2	0.099					
564.5	0.099					
773.6	0.098					
109.0	0.098					
1213.4	0.098					
204.1	0.098					
671.5	0.098					
220.1	0.097					
942.9	0.097					
792.5	0.096					
1126.8	0.096					
995.5	0.095					
232.1	0.095					
1325.2	0.095					
218.1	0.094					
145.1	0.093					
834.0	0.093					
110.1	0.092					
533.4	0.092					
241.1	0.092					
103.1	0.091					
1017.8	0.091					
1115.0	0.090					
959.6	0.090					
151.0	0.089					
606.8	0.089					
1141.6	0.089					
762.5	0.089					
179.9	0.089					
709.5	0.088					
761.5	0.087					
1152.3	0.086					
298.3	0.086					
1142.7	0.085					
538.7	0.084					
1270.4	0.084					
340.3	0.083					
141.1	0.083					
551.5	0.083					
316.8	0.083					
971.2	0.082					
203.1	0.082					
1031.3	0.082					
150.0	0.082					
313.3	0.082					
1086.8	0.082					
1004.2	0.082					
774.6	0.081					
189.1	0.081					
887.7	0.081					
374.3	0.080					
260.1	0.080					
158.1	0.080					
789.5	0.080					
1269.4	0.079					
1227.3	0.079					
1030.3	0.079					
148.9	0.079					
1454.6	0.078					
1002.0	0.078					
660.5	0.078					
175.1	0.078					
306.1	0.078					
888.7	0.077					
928.0	0.077					
1396.4	0.077					
1498.4	0.077					
633.6	0.077					
549.4	0.077					
133.0	0.076					
242.1	0.076					
1298.9	0.076					
266.2	0.076					
142.1	0.076					
326.3	0.076					
999.9	0.075					
192.9	0.075					
938.7	0.075					
846.6	0.075					
105.1	0.074					
932.4	0.074					
1326.4	0.073					
725.8	0.073					
268.9	0.072					
808.9	0.072					
356.1	0.072					
370.2	0.071					
296.2	0.071					
972.3	0.071					
748.6	0.071					
1751.5	0.071					
719.4	0.070					
1131.0	0.070					
1226.2	0.070					
1113.9	0.069					
552.5	0.069					
129.1	0.069					
428.7	0.068					
779.8	0.068					
588.5	0.068					
202.1	0.067					
724.6	0.067					
785.2	0.067					
805.5	0.067					
281.3	0.066					
177.1	0.066					
1214.5	0.066					
1116.0	0.065					
1370.9	0.065					
705.2	0.065					
1483.8	0.065					
1453.6	0.065					
1300.0	0.065					
176.1	0.065					
430.0	0.065					
1077.3	0.064					
786.2	0.064					
973.4	0.064					
1314.7	0.064					
1013.6	0.064					
1397.4	0.064					
918.6	0.064					
672.5	0.064					
618.8	0.063					
325.2	0.063					
1186.0	0.063					
1079.5	0.063					
1143.7	0.063					
1681.3	0.063					
753.9	0.063					
1151.0	0.063					
372.2	0.062					
1078.5	0.062					
523.3	0.062					
378.4	0.062					
496.1	0.062					
153.1	0.061					
143.1	0.061					
123.0	0.061					
106.9	0.061					
1112.9	0.061					
140.1	0.060					
1215.7	0.060					
136.0	0.060					
1101.5	0.060					
1333.8	0.060					
731.4	0.060					
166.9	0.059					
1153.4	0.059					
385.1	0.059					
353.3	0.059					
860.3	0.059					
745.5	0.058					
234.1	0.058					
1580.5	0.058					
903.6	0.057					
1455.7	0.057					
1385.9	0.057					
620.9	0.057					
662.6	0.057					
229.1	0.057					
575.5	0.057					
1369.8	0.057					
1225.2	0.057					
644.9	0.057					
1228.3	0.056					
960.6	0.056					
228.1	0.056					
591.9	0.056					
1682.4	0.056					
1202.0	0.056					
1042.9	0.056					
400.1	0.055					
996.6	0.055					
362.2	0.055					
339.3	0.055					
989.2	0.055					
1469.1	0.055					
187.1	0.055					
191.2	0.055					
1752.6	0.054					
1183.9	0.054					
1157.5	0.054					
726.9	0.054					
1185.0	0.054					
947.1	0.054					
733.4	0.054					
152.0	0.053					
776.6	0.053					
702.7	0.053					
1043.9	0.053					
1301.0	0.053					
161.1	0.053					
239.0	0.053					
185.1	0.053					
248.1	0.053					
534.4	0.053					
804.5	0.053					
231.1	0.053					
155.1	0.052					
1302.0	0.052					
139.0	0.052					
1297.9	0.052					
1511.0	0.052					
1360.3	0.051					
1327.5	0.051					
677.3	0.051					
1356.1	0.051					
1680.2	0.051					
328.8	0.051					
314.3	0.051					
1570.0	0.051					
788.2	0.051					
394.4	0.050					
924.8	0.050					
265.2	0.050					
300.0	0.050					
1076.3	0.049					
312.2	0.049					
1694.9	0.049					
939.7	0.049					
182.0	0.049					
180.9	0.049					
1193.5	0.049					
1484.8	0.049					
222.9	0.049					
358.1	0.049					
1638.9	0.049					
988.0	0.048					
1481.6	0.048					
174.1	0.048					
1233.6	0.048					
1482.7	0.048					
1018.8	0.048					
194.0	0.048					
592.9	0.048					
1328.5	0.048					
137.0	0.048					
1231.6	0.048					
398.1	0.048					
657.4	0.047					
264.2	0.047					
835.0	0.047					
1398.4	0.047					
1341.2	0.047					
259.1	0.047					
1412.2	0.047					
160.1	0.047					
732.4	0.047					
1080.6	0.047					
815.5	0.047					
285.1	0.047					
267.3	0.047					
904.6	0.047					
1499.4	0.046					
341.3	0.046					
1359.2	0.046					
663.7	0.046					
870.9	0.046					
460.3	0.046					
1087.9	0.046					
112.1	0.046					
1554.1	0.046					
214.0	0.046					
1303.3	0.045					
734.5	0.045					
1667.5	0.045					
324.2	0.045					
1187.1	0.045					
908.9	0.045					
649.0	0.045					
1750.5	0.045					
1144.7	0.045					
470.3	0.045					
1334.9	0.045					
117.9	0.045					
438.2	0.045					
1637.8	0.044					
1512.0	0.044					
1449.3	0.044					
854.9	0.044					
923.8	0.044					
1373.2	0.044					
1368.8	0.044					
1332.6	0.044					
674.8	0.044					
208.1	0.044					
1109.8	0.044					
1156.5	0.044					
1159.7	0.044					
131.9	0.043					
101.0	0.043					
1216.7	0.043					
198.0	0.043					
1766.2	0.043					
163.1	0.043					
1411.1	0.043					
1117.0	0.043					
444.2	0.042					
728.1	0.042					
257.1	0.042					
953.3	0.042					
1220.9	0.042					
1582.5	0.042					
310.2	0.042					
156.1	0.042					
1217.8	0.042					
1375.3	0.042					
615.5	0.042					
1555.2	0.042					
1513.0	0.042					
1545.6	0.042					
986.8	0.041					
1708.8	0.041					
1271.5	0.041					
819.7	0.041					
1697.1	0.041					
219.1	0.041					
772.5	0.041					
1556.2	0.041					
982.6	0.041					
608.0	0.041					
138.0	0.041					
1500.5	0.041					
605.7	0.041					
1936.5	0.041					
1284.1	0.041					
634.6	0.041					
1033.4	0.041					
1456.7	0.041					
244.1	0.041					
766.9	0.041					
1095.2	0.041					
837.1	0.041					
1374.3	0.040					
1470.2	0.040					
1371.9	0.040					
962.8	0.040					
1315.7	0.040					
981.6	0.040					
1005.3	0.040					
1410.0	0.040					
431.1	0.040					
1072.1	0.040					
288.1	0.040					
914.2	0.040					
1155.5	0.040					
1317.9	0.039					
1339.0	0.039					
1426.1	0.039					
230.1	0.039					
1145.8	0.039					
347.1	0.039					
713.8	0.039					
1355.0	0.039					
1525.6	0.039					
1935.5	0.039					
246.1	0.039					
258.1	0.039					
1188.2	0.039					
250.2	0.039					
462.3	0.039					
1285.1	0.039					
1616.6	0.039					
1447.3	0.038					
489.3	0.038					
1059.6	0.038					
1281.0	0.038					
589.8	0.038					
1340.1	0.038					
1696.0	0.038					
205.1	0.038					
755.0	0.038					
387.2	0.038					
446.2	0.038					
682.5	0.038					
1553.1	0.038					
284.0	0.038					
1864.4	0.038					
1331.6	0.038					
933.5	0.038					
368.1	0.038					
1329.5	0.038					
1180.8	0.038					
741.3	0.037					
286.1	0.037					
240.1	0.037					
159.1	0.037					
1272.5	0.037					
1007.4	0.037					
1304.4	0.037					
1062.7	0.037					
1132.1	0.037					
790.5	0.037					
1362.3	0.037					
1546.7	0.037					
990.3	0.037					
1108.7	0.037					
1485.8	0.037					
780.9	0.037					
1675.0	0.037					
1393.2	0.037					
1557.3	0.037					
919.7	0.037					
1581.5	0.037					
1020.9	0.037					
1219.8	0.037					
345.0	0.037					
1354.0	0.037					
1009.5	0.037					
1376.4	0.036					
1154.5	0.036					
1133.1	0.036					
1032.4	0.036					
1451.4	0.036					
1753.7	0.036					
1316.8	0.036					
384.1	0.036					
1230.5	0.036					
1468.1	0.036					
445.2	0.036					
1492.0	0.036					
210.1	0.036					
1210.3	0.036					
1709.9	0.036					
1097.3	0.036					
1099.4	0.036					
1321.0	0.036					
967.0	0.036					
1377.4	0.036					
1171.3	0.036					
858.2	0.036					
520.3	0.036					
1343.3	0.036					
1135.2	0.036					
1195.5	0.036					
974.4	0.036					
1625.2	0.036					
1677.1	0.036					
364.3	0.036					
579.6	0.036					
1640.0	0.036					
1668.6	0.036					
1318.9	0.036					
650.2	0.036					
1243.0	0.036					
1165.0	0.036					
1273.6	0.036					
1158.6	0.035					
782.9	0.035					
803.2	0.035					
1320.0	0.035					
1306.4	0.035					
890.8	0.035					
1335.9	0.035					
1181.8	0.035					
1041.8	0.035					
1330.5	0.035					
416.3	0.035					
119.9	0.035					
1400.5	0.035					
2120.5	0.035					
1040.7	0.035					
781.9	0.035					
1523.4	0.035					
1414.4	0.035					
825.5	0.035					
1234.6	0.035					
912.1	0.035					
1823.5	0.035					
1598.4	0.035					
1442.0	0.035					
1070.0	0.035					
1378.5	0.035					
1358.2	0.035					
795.7	0.035					
1048.2	0.035					
1169.2	0.035					
1509.9	0.034					
1189.3	0.034					
574.4	0.034					
1246.2	0.034					
270.0	0.034					
1729.1	0.034					
1286.2	0.034					
1543.5	0.034					
122.0	0.034					
1430.2	0.034					
1417.5	0.034					
1514.1	0.034					
350.1	0.034					
1207.2	0.034					
1693.8	0.034					
700.6	0.034					
1541.4	0.034					
1175.4	0.034					
1305.4	0.034					
1203.0	0.034					
884.6	0.034					
1160.7	0.034					
272.1	0.034					
1408.0	0.034					
432.1	0.034					
1443.1	0.034					
308.1	0.034					
742.4	0.034					
1530.8	0.034					
1166.0	0.034					
961.7	0.034					
1047.2	0.034					
871.9	0.034					
688.8	0.034					
1865.4	0.034					
1653.8	0.034					
1571.0	0.034					
1162.8	0.034					
687.8	0.034					
1232.6	0.034					
1168.2	0.034					
1505.8	0.034					
1528.7	0.034					
796.7	0.033					
775.6	0.033					
1780.1	0.033					
295.2	0.033					
1125.6	0.033					
1866.5	0.033					
1245.2	0.033					
857.0	0.033					
1257.7	0.033					
1196.5	0.033					
1307.4	0.033					
1045.0	0.033					
1291.6	0.033					
1229.5	0.033					
224.9	0.033					
636.6	0.033					
1146.8	0.033					
1081.6	0.033					
1409.0	0.033					
414.2	0.033					
503.3	0.033					
1179.6	0.033					
1250.4	0.033					
3198.0	0.033					
1641.0	0.033					
1937.5	0.033					
765.8	0.033					
1836.4	0.033					
977.5	0.033					
1058.6	0.033					
439.3	0.033					
1025.0	0.033					
1338.0	0.033					
1652.8	0.033					
969.1	0.033					
1822.4	0.033					
1223.1	0.033					
1100.4	0.033					
787.2	0.033					
730.3	0.033					
1167.1	0.033					
720.5	0.033					
1467.0	0.033					
1249.3	0.033					
399.1	0.033					
245.1	0.033					
1445.1	0.033					
1287.2	0.032					
1357.1	0.032					
1473.3	0.032					
488.3	0.032					
1247.3	0.032					
619.8	0.032					
1204.1	0.032					
1206.1	0.032					
1951.5	0.032					
934.6	0.032					
1487.9	0.032					
1387.1	0.032					
1038.7	0.032					
1527.7	0.032					
1021.9	0.032					
706.4	0.032					
1879.1	0.032					
243.1	0.032					
1010.5	0.032					
1110.8	0.032					
777.6	0.032					
1431.3	0.032					
390.3	0.032					
1432.3	0.032					
1391.1	0.032					
984.7	0.032					
279.2	0.032					
920.7	0.032					
1405.8	0.032					
1322.1	0.032					
1413.3	0.032					
1255.6	0.032					
1463.9	0.032					
1218.8	0.032					
1173.4	0.032					
964.9	0.032					
1488.9	0.032					
508.7	0.032					
1666.4	0.032					
1098.4	0.032					
1542.5	0.032					
997.7	0.032					
911.0	0.032					
1460.8	0.032					
1471.2	0.032					
889.7	0.032					
966.0	0.032					
1027.1	0.032					
1559.4	0.032					
1665.4	0.032					
985.8	0.032					
802.1	0.032					
434.2	0.032					
1444.1	0.031					
1235.7	0.031					
1767.4	0.031					
1392.2	0.031					
1389.1	0.031					
1342.2	0.031					
1263.0	0.031					
1103.6	0.031					
1174.4	0.031					
2007.0	0.031					
1026.1	0.031					
322.1	0.031					
768.0	0.031					
1450.4	0.031					
1289.4	0.031					
1277.8	0.031					
1241.0	0.031					
1730.2	0.031					
1634.7	0.031					
1538.2	0.031					
1259.8	0.031					
1619.8	0.031					
134.0	0.031					
1501.5	0.031					
758.3	0.031					
1404.7	0.031					
1337.0	0.031					
1205.1	0.031					
1276.8	0.031					
1258.8	0.031					
1613.4	0.031					
1309.5	0.031					
1278.9	0.031					
1676.1	0.031					
1544.6	0.031					
925.9	0.031					
593.9	0.031					
401.1	0.031					
1244.0	0.031					
629.3	0.031					
1572.0	0.031					
1425.0	0.031					
1599.5	0.031					
2050.2	0.031					
1282.0	0.031					
521.3	0.031					
1531.9	0.031					
1894.1	0.031					
1111.8	0.031					
1345.4	0.031					
1344.4	0.031					
1439.7	0.031					
200.1	0.031					
1491.0	0.031					
1364.5	0.030					
1504.7	0.030					
1440.9	0.030					
1584.6	0.030					
2121.6	0.030					
698.5	0.030					
1283.0	0.030					
1380.6	0.030					
1073.1	0.030					
1288.3	0.030					
1120.2	0.030					
1308.4	0.030					
1745.0	0.030					
1585.6	0.030					
1211.4	0.030					
1019.8	0.030					
1191.3	0.030					
1422.9	0.030					
1209.2	0.030					
1264.0	0.030					
1558.3	0.030					
1950.3	0.030					
1517.2	0.030					
1427.1	0.030					
980.6	0.030					
1560.5	0.030					
968.1	0.030					
1458.7	0.030					
757.0	0.030					
743.5	0.030					
1603.7	0.030					
1507.8	0.030					
749.7	0.030					
1242.0	0.030					
1466.0	0.030					
1519.3	0.030					
1261.9	0.030					
411.1	0.030					
1617.7	0.030					
797.8	0.030					
262.1	0.030					
1323.1	0.030					
1464.9	0.030					
1526.7	0.030					
2049.1	0.030					
1420.6	0.030					
1406.9	0.030					
2008.1	0.030					
1395.3	0.030					
369.2	0.030					
1061.7	0.030					
970.1	0.030					
1486.9	0.030					
1824.5	0.030					
1679.1	0.030					
1060.7	0.030					
169.0	0.030					
899.5	0.030					
900.5	0.030					
1461.8	0.030					
1632.5	0.030					
936.7	0.030					
1379.5	0.030					
1136.2	0.030					
1506.8	0.030					
1477.5	0.030					
1949.3	0.030					
1118.1	0.030					
1592.0	0.030					
609.0	0.030					
1615.6	0.030					
1688.6	0.030					
1265.1	0.029					
1521.3	0.029					
1260.8	0.029					
1494.1	0.029					
1092.0	0.029					
490.3	0.029					
1612.3	0.029					
1811.1	0.029					
1457.7	0.029					
1050.3	0.029					
1551.0	0.029					
1516.2	0.029					
1150.0	0.029					
207.1	0.029					
1119.2	0.029					
1394.3	0.029					
1867.5	0.029					
1686.5	0.029					
1178.6	0.029					
1161.8	0.029					
771.5	0.029					
1642.2	0.029					
839.2	0.029					
1053.4	0.029					
1367.7	0.029					
873.2	0.029					
638.6	0.029					
1768.5	0.029					
1647.4	0.029					
1620.9	0.029					
1295.8	0.029					
1535.1	0.029					
1251.4	0.029					
478.3	0.029					
1248.3	0.029					
1715.3	0.029					
1503.6	0.029					
1698.3	0.029					
1740.7	0.029					
975.4	0.029					
1561.5	0.029					
1662.2	0.029					
1837.5	0.029					
1349.8	0.029					
344.0	0.029					
1825.6	0.029					
1239.9	0.029					
1122.4	0.029					
1590.9	0.029					
1659.1	0.029					
1702.4	0.029					
1862.1	0.029					
1022.9	0.029					
1137.3	0.029					
1562.6	0.029					
1437.6	0.029					
1363.4	0.029					
1611.2	0.029					
221.2	0.029					
892.8	0.029					
252.9	0.029					
1006.4	0.029					
1563.7	0.029					
1428.1	0.029					
1347.5	0.029					
336.2	0.029					
949.1	0.029					
327.3	0.029					
254.0	0.028					
1914.1	0.028					
1139.5	0.028					
547.3	0.028					
170.1	0.028					
1190.3	0.028					
1710.9	0.028					
1533.9	0.028					
415.2	0.028					
1039.7	0.028					
950.1	0.028					
522.3	0.028					
1629.4	0.028					
1716.3	0.028					
1923.8	0.028					
1577.3	0.028					
750.8	0.028					
1747.1	0.028					
1104.7	0.028					
1236.8	0.028					
517.2	0.028					
978.5	0.028					
2037.3	0.028					
1656.0	0.028					
1618.7	0.028					
1176.4	0.028					
1140.6	0.028					
1208.2	0.028					
1433.3	0.028					
1448.3	0.028					
1754.7	0.028					
784.1	0.028					
1532.9	0.028					
452.1	0.028					
1088.9	0.028					
1893.0	0.028					
2051.3	0.028					
1940.7	0.028					
237.0	0.028					
1683.4	0.028					
256.1	0.028					
1540.3	0.028					
1274.7	0.028					
1401.6	0.028					
2078.4	0.028					
948.1	0.028					
1399.5	0.028					
1472.3	0.028					
1748.2	0.028					
809.9	0.028					
1547.8	0.028					
233.1	0.028					
1055.5	0.028					
1661.2	0.028					
1880.1	0.028					
1147.9	0.028					
1390.1	0.028					
1600.5	0.028					
1182.8	0.028					
1361.3	0.028					
1587.7	0.028					
1529.7	0.028					
1731.2	0.028					
1723.7	0.028					
798.8	0.028					
1071.1	0.028					
1597.3	0.028					
1177.5	0.028					
1011.5	0.028					
502.3	0.028					
1036.6	0.028					
1462.8	0.028					
1622.0	0.028					
1490.0	0.028					
1435.4	0.028					
1012.5	0.028					
504.3	0.028					
1579.4	0.028					
1266.2	0.028					
1594.1	0.028					
1614.5	0.028					
1743.9	0.028					
1275.7	0.028					
1712.0	0.028					
1068.9	0.027					
864.6	0.027					
1595.1	0.027					
1896.3	0.027					
2191.9	0.027					
1596.3	0.027					
1035.5	0.027					
1827.7	0.027					
651.2	0.027					
863.6	0.027					
548.3	0.027					
1690.7	0.027					
1475.4	0.027					
848.7	0.027					
1781.2	0.027					
862.5	0.027					
1172.3	0.027					
1802.4	0.027					
1350.9	0.027					
1605.9	0.027					
1814.4	0.027					
1915.2	0.027					
1046.2	0.027					
1292.7	0.027					
1091.0	0.027					
1741.8	0.027					
891.8	0.027					
1123.5	0.027					
1573.1	0.027					
1673.9	0.027					
1252.5	0.027					
1224.2	0.027					
1707.8	0.027					
1939.6	0.027					
1649.6	0.027					
1583.5	0.027					
1102.5	0.027					
954.4	0.027					
1720.5	0.027					
1279.9	0.027					
1054.4	0.027					
1008.4	0.027					
1578.4	0.027					
1699.3	0.027					
994.5	0.027					
670.4	0.027					
951.2	0.027					
847.6	0.027					
1669.7	0.027					
2070.8	0.027					
1434.4	0.027					
993.4	0.027					
1724.8	0.027					
1728.0	0.027					
227.0	0.027					
1096.3	0.027					
1365.6	0.027					
836.0	0.027					
1882.2	0.027					
2067.5	0.027					
1633.6	0.027					
442.1	0.027					
1808.9	0.027					
1787.5	0.027					
1446.2	0.027					
1734.5	0.027					
1782.2	0.027					
1601.6	0.027					
1645.3	0.027					
1738.7	0.027					
1502.6	0.027					
1074.2	0.027					
849.7	0.027					
736.6	0.027					
1194.5	0.027					
1964.3	0.027					
1170.3	0.027					
386.2	0.027					
1075.2	0.027					
1719.5	0.027					
1689.7	0.027					
1352.9	0.027					
1351.9	0.027					
1290.4	0.026					
1706.7	0.026					
1793.9	0.026					
976.4	0.026					
1474.4	0.026					
1733.4	0.026					
1293.7	0.026					
1630.5	0.026					
744.5	0.026					
1980.3	0.026					
1672.9	0.026					
408.3	0.026					
1493.1	0.026					
1423.9	0.026					
125.0	0.026					
1522.4	0.026					
183.0	0.026					
1237.8	0.026					
1886.6	0.026					
1650.7	0.026					
1736.6	0.026					
1897.3	0.026					
1403.7	0.026					
983.7	0.026					
1476.5	0.026					
1366.6	0.026					
1421.8	0.026					
1057.6	0.026					
1626.2	0.026					
1631.5	0.026					
1924.9	0.026					
855.9	0.026					
1134.2	0.026					
255.1	0.026					
878.4	0.026					
1238.9	0.026					
1671.8	0.026					
992.4	0.026					
1049.2	0.026					
621.9	0.026					
1056.5	0.026					
1310.5	0.026					
1841.7	0.026					
1063.8	0.026					
1576.3	0.026					
1574.2	0.026					
1732.3	0.026					
1452.6	0.026					
1852.5	0.026					
820.9	0.026					
1024.0	0.026					
963.8	0.026					
882.6	0.026					
2136.6	0.026					
689.8	0.026					
2080.6	0.026					
1138.4	0.026					
1678.1	0.026					
1163.9	0.026					
1816.7	0.026					
1294.7	0.026					
1704.6	0.026					
1725.9	0.026					
1267.3	0.026					
2113.9	0.026					
791.5	0.026					
729.3	0.026					
448.3	0.026					
1636.8	0.026					
1757.8	0.026					
1817.8	0.026					
1658.0	0.026					
1821.1	0.026					
1438.7	0.026					
1860.0	0.026					
1955.6	0.026					
1593.1	0.026					
1701.3	0.026					
673.8	0.026					
1922.7	0.026					
1586.7	0.026					
1082.7	0.026					
1829.9	0.026					
1863.3	0.026					
1515.1	0.025					
402.2	0.025					
1913.0	0.025					
500.2	0.025					
1518.3	0.025					
937.7	0.025					
1624.1	0.025					
678.4	0.025					
1687.6	0.025					
1691.8	0.025					
1749.3	0.025					
1813.3	0.025					
1066.9	0.025					
223.9	0.025					
1891.9	0.025					
1402.6	0.025					
876.2	0.025					
2048.0	0.025					
556.2	0.025					
2036.2	0.025					
1684.4	0.025					
1034.5	0.025					
1657.0	0.025					
1256.7	0.025					
2106.3	0.025					
1478.6	0.025					
1660.2	0.025					
1834.3	0.025					
518.2	0.025					
2039.5	0.025					
1846.0	0.025					
1107.7	0.025					
693.3	0.025					
1222.0	0.025					
1346.5	0.025					
1804.6	0.025					
1874.9	0.025					
1388.1	0.025					
1735.5	0.025					
1651.8	0.025					
1984.5	0.025					
1429.2	0.025					
1324.2	0.025					
1916.2	0.025					
532.4	0.025					
1952.5	0.025					
1791.7	0.025					
1588.8	0.025					
1838.5	0.025					
1890.8	0.025					
811.0	0.025					
1758.8	0.025					
998.8	0.025					
1994.1	0.025					
1692.8	0.025					
1800.2	0.025					
2109.5	0.025					
1643.3	0.025					
1953.5	0.025					
420.2	0.025					
1717.4	0.025					
587.5	0.025					
2110.6	0.025					
1548.8	0.025					
1881.1	0.025					
1798.2	0.025					
1968.5	0.025					
1934.5	0.025					
979.5	0.025					
1192.4	0.025					
2093.5	0.025					
1575.3	0.025					
1480.6	0.025					
1761.0	0.025					
874.2	0.025					
2055.6	0.025					
2022.3	0.025					
2100.9	0.025					
1628.4	0.025					
1627.3	0.025					
2177.8	0.025					
1970.7	0.025					
1564.8	0.025					
1552.0	0.025					
1785.3	0.025					
1084.7	0.024					
1565.8	0.024					
1052.3	0.024					
769.1	0.024					
1812.3	0.024					
2303.8	0.024					
1857.9	0.024					
1419.6	0.024					
664.7	0.024					
1539.3	0.024					
1609.1	0.024					
1928.1	0.024					
2005.9	0.024					
2011.4	0.024					
1868.5	0.024					
602.4	0.024					
2021.3	0.024					
675.8	0.024					
897.4	0.024					
1685.5	0.024					
1871.6	0.024					
1623.1	0.024					
1815.6	0.024					
1646.4	0.024					
440.7	0.024					
580.6	0.024					
238.0	0.024					
1779.0	0.024					
824.5	0.024					
1854.6	0.024					
404.2	0.024					
1873.8	0.024					
840.2	0.024					
1927.0	0.024					
524.3	0.024					
1648.5	0.024					
1093.1	0.024					
735.5	0.024					
1889.7	0.024					
1268.3	0.024					
1773.6	0.024					
1714.2	0.024					
271.1	0.024					
497.2	0.024					
885.7	0.024					
1589.9	0.024					
1938.6	0.024					
1536.1	0.024					
1459.8	0.024					
1944.0	0.024					
1064.8	0.024					
1254.5	0.024					
1197.6	0.024					
1121.4	0.024					
707.5	0.024					
351.1	0.024					
1756.8	0.024					
357.1	0.024					
476.2	0.024					
1839.6	0.024					
1909.8	0.024					
1722.7	0.024					
842.3	0.024					
1602.7	0.024					
196.0	0.024					
1644.3	0.024					
1381.6	0.024					
1703.5	0.024					
1770.5	0.024					
881.5	0.024					
1608.0	0.024					
1663.3	0.024					
612.4	0.024					
304.1	0.024					
1987.8	0.024					
714.8	0.024					
2062.2	0.024					
2063.3	0.024					
426.3	0.024					
1965.4	0.024					
826.5	0.024					
1826.6	0.024					
276.2	0.023					
1907.7	0.023					
2304.9	0.023					
812.3	0.023					
1713.1	0.023					
1855.7	0.023					
1840.7	0.023					
352.1	0.023					
1967.5	0.023					
1988.9	0.023					
366.1	0.023					
595.0	0.023					
2079.5	0.023					
1537.2	0.023					
2009.2	0.023					
1416.5	0.023					
2064.4	0.023					
935.6	0.023					
1520.3	0.023					
1771.5	0.023					
1772.6	0.023					
2043.8	0.023					
1972.9	0.023					
1784.3	0.023					
274.1	0.023					
1853.6	0.023					
1869.6	0.023					
1742.8	0.023					
395.4	0.023					
2041.5	0.023					
1921.6	0.023					
1508.9	0.023					
2111.7	0.023					
711.7	0.023					
450.8	0.023					
898.4	0.023					
692.1	0.023					
1610.2	0.023					
1917.4	0.023					
1051.3	0.023					
1884.4	0.023					
2190.8	0.023					
1981.4	0.023					
1089.9	0.023					
1737.6	0.023					
1524.5	0.023					
680.4	0.023					
586.5	0.023					
1872.7	0.023					
2023.4	0.023					
1654.9	0.023					
424.2	0.023					
1083.7	0.023					
2135.5	0.023					
1930.2	0.023					
2234.9	0.023					
1436.5	0.023					
1718.4	0.023					
2119.5	0.023					
1971.8	0.023					
2071.9	0.023					
1479.6	0.023					
1861.1	0.023					
1418.6	0.023					
290.2	0.023					
630.5	0.023					
1067.9	0.023					
1883.3	0.023					
1957.9	0.023					
1810.0	0.023					
1904.6	0.023					
2207.9	0.023					
910.0	0.023					
168.0	0.023					
868.7	0.023					
2185.2	0.023					
841.2	0.023					
1721.6	0.023					
1828.7	0.023					
1885.6	0.023					
320.1	0.023					
360.1	0.023					
1870.6	0.023					
1975.1	0.023					
2077.4	0.023					
565.8	0.023					
542.0	0.023					
247.1	0.023					
2020.1	0.023					
905.7	0.023					
1959.0	0.022					
1888.7	0.022					
1899.4	0.022					
2010.3	0.022					
1875.9	0.022					
1898.3	0.022					
1926.0	0.022					
1415.5	0.022					
1920.5	0.022					
2192.9	0.022					
1929.1	0.022					
883.6	0.022					
1931.2	0.022					
1997.3	0.022					
1832.1	0.022					
1789.6	0.022					
1830.9	0.022					
332.1	0.022					
1705.6	0.022					
2087.1	0.022					
801.1	0.022					
1908.7	0.022					
740.3	0.022					
1805.6	0.022					
1859.0	0.022					
1727.0	0.022					
756.0	0.022					
391.3	0.022					
1878.0	0.022					
1906.7	0.022					
600.3	0.022					
2112.8	0.022					
1788.6	0.022					
2076.2	0.022					
2000.6	0.022					
2029.9	0.022					
1094.2	0.022					
1833.3	0.022					
1776.8	0.022					
1801.3	0.022					
1903.5	0.022					
722.6	0.022					
1799.2	0.022					
1796.1	0.022					
2035.2	0.022					
1253.5	0.022					
436.2	0.022					
1856.8	0.022					
172.1	0.022					
1947.3	0.022					
2376.5	0.022					
199.1	0.022					
1905.7	0.022					
2306.1	0.022					
2095.5	0.022					
1807.8	0.022					
1851.5	0.022					
1774.6	0.022					
1803.5	0.022					
875.2	0.022					
1946.2	0.022					
661.6	0.022					
1942.9	0.022					
201.1	0.022					
1976.1	0.022					
1765.1	0.022					
348.1	0.022					
1901.5	0.022					
1820.1	0.022					
1985.6	0.022					
1348.8	0.022					
1792.7	0.022					
2046.0	0.022					
1986.7	0.022					
226.0	0.022					
2130.0	0.022					
388.2	0.022					
1700.3	0.022					
1769.5	0.022					
2169.0	0.021					
2052.5	0.021					
2149.6	0.021					
880.5	0.021					
1607.0	0.021					
333.1	0.021					
2044.9	0.021					
2221.8	0.021					
2133.3	0.021					
1775.7	0.021					
381.1	0.021					
2375.4	0.021					
1990.9	0.021					
2317.0	0.021					
1755.8	0.021					
2156.0	0.021					
2242.4	0.021					
251.2	0.021					
338.2	0.021					
626.3	0.021					
2066.4	0.021					
991.3	0.021					
1911.9	0.021					
1777.9	0.021					
2053.5	0.021					
1549.9	0.021					
2206.7	0.021					
2057.8	0.021					
1148.9	0.021					
2082.8	0.021					
1941.8	0.021					
1999.5	0.021					
412.1	0.021					
1296.9	0.021					
2170.1	0.021					
866.6	0.021					
2150.6	0.021					
2134.5	0.021					
2107.4	0.021					
622.9	0.021					
2032.0	0.021					
1963.2	0.021					
458.2	0.021					
2012.5	0.021					
2232.6	0.021					
1954.6	0.021					
1843.8	0.021					
1037.7	0.021					
2108.4	0.021					
1919.4	0.021					
1604.8	0.021					
535.5	0.021					
2105.2	0.021					
895.0	0.021					
212.2	0.021					
853.8	0.021					
2285.2	0.021					
1670.8	0.021					
2122.7	0.021					
2176.7	0.021					
1983.5	0.021					
838.1	0.021					
305.1	0.021					
1790.6	0.021					
2233.8	0.021					
475.2	0.021					
2081.7	0.021					
2034.1	0.021					
738.6	0.021					
1969.6	0.021					
635.6	0.021					
1966.4	0.021					
1848.2	0.021					
1739.7	0.021					
861.4	0.021					
2264.3	0.021					
1795.0	0.021					
1806.7	0.021					
2137.8	0.021					
2115.0	0.021					
474.2	0.021					
1635.7	0.021					
2220.8	0.021					
1993.0	0.021					
1995.2	0.021					
2083.8	0.021					
2019.0	0.021					
2181.0	0.021					
2026.6	0.021					
2091.4	0.021					
1759.9	0.021					
2089.2	0.021					
392.3	0.021					
2248.8	0.021					
359.1	0.021					
261.1	0.021					
197.0	0.021					
1818.9	0.020					
2096.6	0.020					
2268.5	0.020					
2024.5	0.020					
1850.4	0.020					
751.8	0.020					
2196.1	0.020					
1998.5	0.020					
1918.4	0.020					
1844.9	0.020					
2139.9	0.020					
2171.2	0.020					
1065.9	0.020					
539.8	0.020					
2094.5	0.020					
2320.3	0.020					
2174.4	0.020					
1992.0	0.020					
814.5	0.020					
690.9	0.020					
2065.4	0.020					
2390.8	0.020					
2417.1	0.020					
1910.8	0.020					
2141.9	0.020					
1902.5	0.020					
2092.5	0.020					
2099.7	0.020					
1762.0	0.020					
668.4	0.020					
2249.9	0.020					
1746.1	0.020					
1960.0	0.020					
373.3	0.020					
2084.9	0.020					
1900.4	0.020					
2374.3	0.020					
2165.6	0.020					
2013.6	0.020					
694.4	0.020					
1956.7	0.020					
1847.1	0.020					
2180.0	0.020					
376.3	0.020					
1849.3	0.020					
850.7	0.020					
2246.8	0.020					
952.3	0.020					
2222.9	0.020					
2291.8	0.020					
2334.4	0.020					
2126.8	0.020					
2225.0	0.020					
1962.1	0.020					
1664.4	0.020					
334.1	0.020					
596.2	0.020					
1797.1	0.020					
2040.5	0.020					
643.9	0.020					
2188.6	0.020					
1982.4	0.020					
437.2	0.020					
2015.7	0.020					
652.2	0.020					
2058.9	0.020					
1945.1	0.020					
1835.4	0.020					
2183.2	0.020					
2148.5	0.020					
699.6	0.020					
2189.7	0.020					
1977.2	0.020					
2104.2	0.020					
822.4	0.020					
1961.1	0.020					
2270.7	0.020					
640.7	0.020					
2265.4	0.020					
2025.6	0.020					
1764.1	0.020					
1989.9	0.020					
1895.2	0.020					
569.1	0.020					
383.1	0.020					
1996.3	0.020					
1978.2	0.020					
2047.0	0.020					
2187.4	0.020					
2172.2	0.020					
2279.7	0.019					
554.7	0.019					
2157.2	0.019					
506.3	0.019					
2446.0	0.019					
2166.8	0.019					
1105.7	0.019					
277.2	0.019					
572.3	0.019					
2389.7	0.019					
712.8	0.019					
1842.8	0.019					
2098.7	0.019					
584.3	0.019					
2184.2	0.019					
1979.3	0.019					
2014.7	0.019					
2002.7	0.019					
2028.8	0.019					
628.3	0.019					
2097.7	0.019					
2211.1	0.019					
2274.2	0.019					
1783.3	0.019					
492.3	0.019					
2227.2	0.019					
321.1	0.019					
2068.7	0.019					
1948.3	0.019					
499.2	0.019					
1933.4	0.019					
2175.6	0.019					
1974.0	0.019					
211.2	0.019					
653.2	0.019					
2280.9	0.019					
2223.9	0.019					
2162.5	0.019					
2140.9	0.019					
2147.5	0.019					
627.3	0.019					
1786.4	0.019					
301.1	0.019					
405.2	0.019					
2309.4	0.019					
2042.7	0.019					
1763.1	0.019					
2363.6	0.019					
2069.7	0.019					
2102.0	0.019					
375.3	0.019					
2103.1	0.019					
1887.7	0.019					
2155.0	0.019					
561.4	0.019					
1124.5	0.019					
681.5	0.019					
2266.4	0.019					
721.5	0.019					
2001.7	0.019					
173.1	0.019					
2038.4	0.019					
2003.8	0.019					
1877.0	0.019					
318.1	0.019					
2282.0	0.019					
2186.3	0.019					
2321.4	0.019					
2153.9	0.019					
2194.0	0.019					
2016.9	0.019					
2339.6	0.019					
799.9	0.019					
2251.1	0.019					
2228.4	0.019					
377.3	0.019					
2075.1	0.019					
403.2	0.019					
2433.2	0.019					
2017.9	0.019					
2004.9	0.019					
309.2	0.019					
566.8	0.019					
337.2	0.019					
879.5	0.019					
157.1	0.019					
433.1	0.018					
2182.2	0.018					
287.1	0.018					
311.2	0.018					
763.8	0.018					
2238.0	0.018					
2420.2	0.018					
1106.7	0.018					
2200.4	0.018					
2416.1	0.018					
2275.3	0.018					
2128.9	0.018					
1932.4	0.018					
2145.2	0.018					
827.6	0.018					
2357.1	0.018					
2031.0	0.018					
346.0	0.018					
642.8	0.018					
894.0	0.018					
2365.8	0.018					
2254.4	0.018					
828.6	0.018					
2255.6	0.018					
716.3	0.018					
558.3	0.018					
2143.0	0.018					
2123.7	0.018					
2033.1	0.018					
2201.4	0.018					
2392.0	0.018					
422.2	0.018					
2240.2	0.018					
865.6	0.018					
2290.7	0.018					
2351.7	0.018					
625.2	0.018					
2212.2	0.018					
406.2	0.018					
877.3	0.018					
2340.6	0.018					
2090.4	0.018					
2131.1	0.018					
2243.5	0.018					
443.1	0.018					
2117.4	0.018					
2253.3	0.018					
2271.9	0.018					
2178.9	0.018					
2146.4	0.018					
2132.2	0.018					
2276.5	0.018					
2307.2	0.018					
2205.6	0.018					
2337.5	0.018					
2318.2	0.018					
2219.7	0.018					
2213.3	0.018					
2298.3	0.018					
2297.2	0.018					
2412.7	0.018					
466.8	0.018					
464.3	0.018					
2406.1	0.018					
2323.6	0.018					
2158.2	0.018					
2164.6	0.018					
723.6	0.018					
2284.0	0.018					
637.6	0.017					
108.0	0.017					
2161.4	0.017					
529.2	0.017					
2215.3	0.017					
2262.2	0.017					
2382.1	0.017					
2292.9	0.017					
297.3	0.017					
2217.5	0.017					
209.1	0.017					
2283.0	0.017					
2259.9	0.017					
2422.4	0.017					
851.7	0.017					
610.2	0.017					
249.1	0.017					
2348.4	0.017					
2214.3	0.017					
2195.1	0.017					
2380.9	0.017					
302.1	0.017					
2204.6	0.017					
852.8	0.017					
2163.6	0.017					
2319.2	0.017					
2501.7	0.017					
2560.4	0.017					
544.2	0.017					
2562.5	0.017					
2235.9	0.017					
2377.6	0.017					
418.0	0.017					
2299.4	0.017					
2451.3	0.017					
380.1	0.017					
2124.8	0.017					
498.2	0.017					
2327.0	0.017					
2167.9	0.017					
2261.1	0.017					
2056.8	0.017					
666.8	0.017					
2073.0	0.017					
2349.5	0.017					
2538.1	0.017					
2329.1	0.017					
2086.1	0.017					
2450.1	0.017					
2350.6	0.017					
2316.0	0.017					
2125.8	0.017					
2431.0	0.017					
2440.8	0.017					
323.1	0.017					
2463.3	0.017					
2358.3	0.017					
2335.4	0.017					
2345.1	0.017					
319.1	0.017					
2296.1	0.017					
2506.0	0.017					
2218.7	0.017					
2314.8	0.017					
2138.9	0.017					
2313.6	0.017					
2277.6	0.017					
2517.4	0.017					
2384.4	0.017					
507.3	0.017					
419.1	0.017					
2333.4	0.017					
2074.0	0.017					
2151.7	0.017					
2118.4	0.017					
614.5	0.017					
449.3	0.017					
2353.8	0.017					
2229.5	0.017					
2418.2	0.017					
292.2	0.017					
2398.4	0.017					
582.3	0.016					
2447.0	0.016					
447.3	0.016					
2490.8	0.016					
639.7	0.016					
2328.0	0.016					
2210.1	0.016					
457.2	0.016					
2237.0	0.016					
2530.5	0.016					
2344.0	0.016					
540.8	0.016					
869.8	0.016					
560.4	0.016					
611.2	0.016					
2486.4	0.016					
2054.6	0.016					
2278.6	0.016					
2198.2	0.016					
2061.1	0.016					
679.4	0.016					
656.3	0.016					
2027.7	0.016					
2428.9	0.016					
2289.7	0.016					
2197.2	0.016					
2383.2	0.016					
2301.7	0.016					
2356.0	0.016					
2454.5	0.016					
823.4	0.016					
2529.3	0.016					
2500.6	0.016					
2127.9	0.016					
737.6	0.016					
2364.8	0.016					
2378.8	0.016					
2209.0	0.016					
2578.7	0.016					
2663.5	0.016					
2522.7	0.016					
2295.1	0.016					
2442.8	0.016					
2436.4	0.016					
2400.6	0.016					
2636.0	0.016					
2419.2	0.016					
2629.3	0.016					
2485.2	0.016					
2607.3	0.016					
2241.4	0.016					
2332.3	0.016					
2646.8	0.016					
2173.3	0.016					
382.1	0.016					
2311.5	0.016					
2252.3	0.016					
813.4	0.016					
2438.6	0.016					
413.2	0.016					
2257.6	0.016					
2060.1	0.016					
2152.7	0.016					
2336.5	0.016					
2466.5	0.016					
2293.9	0.016					
2199.3	0.016					
2731.5	0.016					
484.2	0.016					
2088.2	0.016					
2267.5	0.016					
2491.9	0.016					
2366.9	0.016					
2421.4	0.016					
2889.8	0.016					
2239.2	0.016					
410.1	0.016					
2511.8	0.016					
2159.2	0.016					
2611.7	0.016					
2256.6	0.016					
2476.4	0.016					
2352.8	0.016					
2308.3	0.016					
2360.5	0.016					
2487.5	0.016					
2269.7	0.015					
2411.6	0.015					
2480.8	0.015					
2338.6	0.015					
2226.2	0.015					
2379.8	0.015					
2475.3	0.015					
2867.4	0.015					
2310.5	0.015					
2202.5	0.015					
843.4	0.015					
2448.0	0.015					
2388.6	0.015					
2777.9	0.015					
2341.8	0.015					
2403.9	0.015					
2367.9	0.015					
330.0	0.015					
2512.9	0.015					
2680.1	0.015					
2751.5	0.015					
2505.0	0.015					
2396.2	0.015					
2386.5	0.015					
2230.5	0.015					
2502.8	0.015					
2244.7	0.015					
2460.2	0.015					
2394.1	0.015					
2263.2	0.015					
2160.3	0.015					
2449.0	0.015					
459.2	0.015					
2258.8	0.015					
273.1	0.015					
2425.8	0.015					
2432.1	0.015					
2409.5	0.015					
2434.2	0.015					
2216.5	0.015					
2247.8	0.015					
2245.8	0.015					
601.4	0.015					
2575.4	0.015					
2203.5	0.015					
2144.1	0.015					
641.8	0.015					
2426.8	0.015					
2407.3	0.015					
2437.5	0.015					
701.6	0.015					
2467.7	0.015					
2347.3	0.015					
2488.7	0.015					
2410.5	0.015					
2287.4	0.015					
487.3	0.015					
543.1	0.015					
2324.7	0.015					
2468.7	0.015					
2424.6	0.015					
2558.2	0.015					
2465.5	0.015					
2477.5	0.015					
2459.1	0.015					
505.3	0.015					
2300.6	0.015					
435.2	0.015					
2673.3	0.015					
2516.3	0.015					
770.3	0.015					
2370.1	0.015					
2474.2	0.015					
2435.3	0.015					
2439.7	0.015					
2461.3	0.015					
683.6	0.015					
2479.6	0.015					
2630.4	0.015					
2288.5	0.015					
2361.5	0.015					
2302.8	0.015					
2393.0	0.015					
2402.8	0.015					
2464.4	0.015					
2331.2	0.015					
2617.1	0.015					
2372.2	0.015					
471.3	0.014					
2478.6	0.014					
2574.2	0.014					
2387.6	0.014					
2507.2	0.014					
2116.1	0.014					
528.1	0.014					
2414.9	0.014					
2565.7	0.014					
2660.2	0.014					
2395.2	0.014					
516.2	0.014					
2413.9	0.014					
2518.4	0.014					
2554.9	0.014					
2423.6	0.014					
2369.0	0.014					
2325.9	0.014					
2399.5	0.014					
2545.9	0.014					
2346.3	0.014					
235.9	0.014					
654.3	0.014					
2631.6	0.014					
2441.8	0.014					
472.8	0.014					
2577.7	0.014					
2273.1	0.014					
2563.5	0.014					
598.2	0.014					
2532.6	0.014					
2564.6	0.014					
2427.9	0.014					
2473.1	0.014					
896.1	0.014					
526.7	0.014					
2430.0	0.014					
2515.2	0.014					
2508.3	0.014					
2566.7	0.014					
2453.5	0.014					
2455.7	0.014					
514.7	0.014					
2462.3	0.014					
2509.5	0.014					
2586.3	0.014					
2813.8	0.014					
2371.2	0.014					
655.3	0.014					
2588.6	0.014					
2552.8	0.014					
2342.8	0.014					
2444.9	0.014					
519.3	0.014					
2481.8	0.014					
2535.9	0.014					
2408.4	0.014					
2662.5	0.014					
669.4	0.014					
2602.9	0.014					
2541.7	0.014					
2539.3	0.014					
2520.6	0.014					
2568.8	0.014					
2493.0	0.014					
2621.5	0.014					
2732.6	0.014					
2523.9	0.014					
2537.0	0.014					
2489.7	0.014					
2567.8	0.014					
2553.8	0.014					
2385.4	0.014					
2373.2	0.014					
2632.8	0.014					
2689.9	0.014					
2688.8	0.014					
2600.7	0.014					
2814.9	0.014					
2443.9	0.014					
2548.1	0.014					
331.1	0.014					
2580.8	0.014					
2609.5	0.014					
2401.6	0.014					
2557.2	0.014					
2355.0	0.014					
2774.5	0.014					
2638.1	0.014					
2510.7	0.014					
2721.4	0.014					
624.2	0.014					
2597.4	0.014					
2540.5	0.014					
2620.4	0.014					
2650.2	0.014					
2745.9	0.014					
2472.0	0.014					
2497.2	0.014					
2608.5	0.014					
2556.1	0.014					
2625.9	0.014					
2643.4	0.014					
2587.4	0.014					
2569.9	0.014					
2457.9	0.014					
2471.0	0.014					
2584.2	0.014					
695.4	0.014					
2581.9	0.014					
2572.2	0.014					
2928.6	0.014					
307.1	0.014					
2627.0	0.014					
2705.4	0.014					
2559.4	0.014					
613.4	0.014					
2499.4	0.014					
2614.9	0.014					
2591.8	0.014					
2524.9	0.014					
2544.8	0.014					
2604.0	0.014					
2980.1	0.014					
2599.6	0.014					
2773.4	0.014					
453.2	0.014					
2561.5	0.014					
2903.9	0.014					
2692.0	0.014					
2675.5	0.014					
2887.4	0.014					
2844.8	0.014					
2622.6	0.014					
2484.0	0.014					
2794.8	0.014					
2362.6	0.014					
2605.1	0.014					
2526.0	0.014					
2828.1	0.014					
2596.3	0.014					
2531.6	0.014					
3114.3	0.013					
2710.6	0.013					
512.3	0.013					
2757.0	0.013					
2695.3	0.013					
2482.9	0.013					
2722.6	0.013					
2693.1	0.013					
2665.6	0.013					
2729.1	0.013					
2637.1	0.013					
2606.2	0.013					
2679.0	0.013					
2543.7	0.013					
2681.1	0.013					
3010.2	0.013					
2859.5	0.013					
171.1	0.013					
2598.5	0.013					
3001.3	0.013					
2747.1	0.013					
2456.9	0.013					
2999.1	0.013					
2858.3	0.013					
2405.1	0.013					
2949.7	0.013					
2916.2	0.013					
2528.3	0.013					
2549.2	0.013					
3073.6	0.013					
2831.6	0.013					
2803.9	0.013					
2641.3	0.013					
2585.2	0.013					
2730.3	0.013					
2658.0	0.013					
2787.9	0.013					
2776.8	0.013					
3094.9	0.013					
2551.6	0.013					
2640.2	0.013					
2592.9	0.013					
363.3	0.013					
2915.0	0.013					
2802.7	0.013					
2521.7	0.013					
2758.0	0.013					
2829.2	0.013					
2700.9	0.013					
2842.6	0.013					
2668.9	0.013					
3044.9	0.013					
2761.3	0.013					
2772.1	0.013					
2717.2	0.013					
2923.1	0.013					
349.1	0.013					
2594.0	0.013					
2739.4	0.013					
2934.2	0.013					
2877.6	0.013					
2865.2	0.013					
501.3	0.013					
2684.4	0.013					
2686.7	0.013					
2782.5	0.013					
2724.7	0.013					
2781.3	0.013					
2639.1	0.013					
2760.2	0.013					
2514.1	0.013					
2869.7	0.013					
2322.6	0.013					
2716.1	0.013					
2704.4	0.013					
2583.1	0.013					
2800.3	0.013					
2982.4	0.013					
2958.9	0.013					
2798.1	0.013					
2791.2	0.013					
2977.9	0.013					
2733.7	0.013					
2841.6	0.013					
2849.3	0.013					
2737.1	0.013					
2727.0	0.013					
2792.4	0.013					
2667.8	0.013					
2821.6	0.013					
315.3	0.013					
2628.0	0.013					
2527.2	0.013					
2861.8	0.013					
2907.2	0.013					
2925.3	0.013					
2725.8	0.013					
2809.4	0.013					
2655.8	0.013					
2974.3	0.013					
2738.1	0.013					
510.2	0.013					
293.2	0.013					
479.3	0.013					
559.4	0.013					
2862.9	0.013					
665.7	0.013					
2784.7	0.013					
525.3	0.013					
2504.0	0.013					
289.1	0.013					
468.2	0.013					
2771.0	0.013					
2231.6	0.013					
597.2	0.013					
2547.0	0.013					
455.2	0.013					
2286.4	0.013					
2312.6	0.012					
483.2	0.012					
2359.4	0.012					
2397.4	0.012					
2576.6	0.012					
557.3	0.012					
367.1	0.012					
486.2	0.012					
491.3	0.012					
2534.9	0.012					
2496.2	0.012					
2494.1	0.012					
2469.9	0.012					
2589.7	0.012					
2674.5	0.012					
2573.2	0.012					
2498.4	0.012					
2452.4	0.012					
2619.3	0.012					
2647.9	0.012					
2651.4	0.012					
2672.2	0.012					
571.3	0.012					
2601.8	0.012					
2743.8	0.012					
3090.3	0.012					
2744.8	0.012					
2519.5	0.012					
303.1	0.012					
867.7	0.012					
2618.3	0.012					
2664.5	0.012					
2633.9	0.012					
2750.5	0.012					
2659.1	0.012					
3187.8	0.012					
2918.6	0.012					
3091.5	0.012					
3174.9	0.012					
3159.0	0.012					
2676.6	0.011					
2624.8	0.011					
2542.7	0.011					
3152.2	0.011					
2330.2	0.011					
2533.8	0.011					
3113.1	0.011					
2845.9	0.011					
2712.9	0.011					
3140.8	0.011					
3041.5	0.011					
3136.4	0.011					
2762.4	0.011					
2687.7	0.011					
2652.5	0.011					
3049.6	0.011					
2690.9	0.011					
2834.9	0.011					
2656.8	0.011					
2590.7	0.011					
2807.2	0.011					
2634.9	0.011					
3110.7	0.011					
3142.0	0.011					
2623.8	0.011					
2642.4	0.011					
2645.8	0.011					
2847.1	0.011					
2702.1	0.011					
2900.5	0.011					
2734.9	0.011					
3042.6	0.011					
3189.9	0.011					
3161.4	0.011					
3116.8	0.011					
3056.2	0.011					
2571.2	0.011					
3164.7	0.011					
2595.1	0.011					
3083.6	0.011					
2550.4	0.011					
3186.6	0.011					
3092.6	0.011					
2685.6	0.011					
3144.3	0.011					
3151.0	0.011					
2779.1	0.011					
2909.6	0.011					
545.3	0.011					
2785.8	0.011					
2948.6	0.011					
2764.6	0.011					
3173.6	0.011					
3002.4	0.011					
2926.4	0.011					
2930.9	0.011					
2661.3	0.011					
2922.0	0.011					
2783.7	0.011					
2653.5	0.011					
3115.6	0.011					
2874.3	0.011					
3180.9	0.011					
2709.6	0.011					
3096.1	0.011					
3100.9	0.011					
3127.1	0.011					
263.2	0.011					
2872.0	0.011					
2981.2	0.011					
2579.8	0.011					
2644.5	0.011					
2677.8	0.011					
2752.7	0.011					
3184.2	0.011					
2789.1	0.011					
421.2	0.011					
3179.8	0.011					
2929.8	0.011					
3111.9	0.011					
3105.2	0.011					
2801.6	0.011					
3153.4	0.011					
3124.9	0.011					
2994.8	0.011					
2953.2	0.011					
2901.6	0.011					
3170.4	0.011					
2984.6	0.011					
2703.2	0.011					
2910.7	0.011					
3030.0	0.011					
2728.1	0.011					
3134.0	0.011					
3064.5	0.011					
2699.7	0.011					
3132.8	0.011					
2613.8	0.011					
2991.3	0.011					
3031.2	0.011					
2993.5	0.011					
2723.7	0.011					
2960.1	0.011					
3063.4	0.011					
3016.8	0.011					
2755.9	0.011					
2649.0	0.011					
3087.0	0.011					
2836.0	0.011					
3048.4	0.011					
2906.0	0.011					
3118.8	0.011					
3014.5	0.011					
2896.3	0.011					
3032.4	0.011					
2927.5	0.011					
2714.0	0.011					
2715.0	0.011					
3119.9	0.011					
2706.5	0.011					
3097.4	0.011					
3071.2	0.011					
3023.6	0.011					
2976.7	0.011					
2873.2	0.011					
3004.6	0.011					
2881.9	0.011					
2848.2	0.011					
2843.7	0.011					
3067.7	0.011					
3022.4	0.011					
2736.0	0.011					
2885.1	0.011					
3025.8	0.011					
2837.2	0.011					
3000.2	0.011					
3060.1	0.011					
2839.4	0.011					
2940.6	0.011					
2786.9	0.011					
2770.0	0.011					
3099.7	0.011					
2905.0	0.011					
2894.2	0.011					
3046.1	0.011					
3035.9	0.011					
2742.7	0.011					
3088.1	0.011					
2856.1	0.011					
2952.0	0.011					
463.3	0.011					
3020.3	0.011					
2888.5	0.011					
2943.0	0.011					
2975.6	0.011					
2860.7	0.011					
2941.8	0.011					
2740.4	0.011					
3040.4	0.011					
2912.8	0.011					
2962.3	0.011					
2806.2	0.011					
3079.3	0.011					
2775.7	0.011					
2964.5	0.011					
2711.7	0.011					
3149.8	0.011					
3089.1	0.011					
3074.7	0.011					
2851.5	0.011					
2875.5	0.011					
2870.9	0.011					
2902.8	0.011					
3039.3	0.011					
2919.8	0.011					
2768.9	0.011					
2795.8	0.011					
2612.8	0.011					
3019.2	0.011					
2763.4	0.011					
2933.1	0.011					
2850.5	0.011					
2852.6	0.011					
461.3	0.011					
3106.3	0.011					
2917.3	0.011					
2694.3	0.011					
2759.2	0.011					
2938.6	0.011					
2864.0	0.011					
2990.1	0.011					
2882.9	0.011					
2924.3	0.011					
3101.9	0.011					
3062.3	0.011					
2947.4	0.011					
2610.7	0.011					
2987.9	0.011					
2765.7	0.011					
2979.1	0.011					
3012.4	0.011					
2790.1	0.011					
2670.1	0.011					
2879.7	0.011					
2956.5	0.011					
3098.5	0.011					
2853.9	0.011					
2767.8	0.011					
3034.9	0.011					
3011.2	0.011					
3024.7	0.011					
2820.5	0.011					
2833.8	0.011					
2884.0	0.011					
3017.9	0.011					
2876.5	0.011					
2832.7	0.011					
3077.0	0.011					
2857.2	0.011					
3033.6	0.011					
2957.7	0.011					
2986.7	0.011					
2946.3	0.011					
2707.6	0.011					
2955.5	0.011					
2799.2	0.011					
2866.2	0.011					
3038.1	0.011					
2954.4	0.011					
2749.4	0.011					
2973.2	0.011					
2718.3	0.011					
2753.8	0.011					
2855.1	0.011					
2996.8	0.011					
2972.1	0.011					
3053.9	0.011					
2920.9	0.011					
2878.6	0.011					
2654.7	0.011					
2616.0	0.011					
2823.7	0.011					
2682.3	0.011					
2868.6	0.011					
2963.3	0.011					
2818.3	0.011					
2698.5	0.011					
361.1	0.011					
3199.1	0.011					
2666.7	0.011					
2944.2	0.011					
2945.3	0.011					
2671.1	0.011					
2824.8	0.011					
480.7	0.011					
2880.8	0.011					
2961.2	0.011					
2966.7	0.011					
2911.7	0.011					
2808.3	0.011					
2840.5	0.011					
2748.2	0.011					
3006.8	0.011					
2696.5	0.011					
2822.7	0.011					
2932.0	0.011					
3005.7	0.011					
2810.6	0.011					
2811.6	0.011					
2741.6	0.011					
2995.8	0.011					
2797.0	0.011					
2913.9	0.011					
2908.5	0.011					
2812.7	0.011					
2805.1	0.011					
568.1	0.011					
2899.4	0.011					
570.2	0.011					
2720.4	0.011					
2754.8	0.011					
2935.4	0.011					
2719.4	0.011					
2819.4	0.011					
2683.4	0.011					
2766.8	0.011					
2697.5	0.011					
2793.7	0.011					
2838.4	0.011					
2780.2	0.011					
454.2	0.011					
2827.0	0.011					
423.2	0.011					
530.3	0.010					
427.3	0.010					
599.3	0.010					
697.5	0.010					
696.4	0.010					
546.3	0.010					
511.3	0.010					
2495.2	0.010					
482.2	0.009					
585.5	0.009					
3188.9	0.009					
485.2	0.009					
3093.8	0.009					
3176.1	0.009					
3129.5	0.009					
3194.6	0.009					
3143.2	0.009					
3172.6	0.009					
3195.7	0.009					
3146.5	0.009					
3147.8	0.009					
3126.0	0.009					
573.3	0.009					
2892.1	0.009					
3047.4	0.009					
3165.8	0.009					
531.3	0.009					
3109.7	0.009					
3160.2	0.009					
3157.9	0.009					
3196.8	0.009					
3076.0	0.009					
3139.6	0.009					
3185.6	0.009					
3162.6	0.009					
3122.4	0.009					
3072.4	0.009					
3128.5	0.009					
3121.2	0.009					
2983.5	0.009					
3168.3	0.009					
3130.7	0.009					
3123.8	0.009					
3193.5	0.009					
3155.9	0.009					
3055.1	0.009					
3156.9	0.009					
3192.3	0.009					
3050.6	0.009					
2898.4	0.009					
3183.2	0.009					
3169.4	0.009					
3148.8	0.009					
3066.6	0.009					
3145.5	0.009					
3154.7	0.009					
3081.5	0.009					
3137.5	0.009					
3163.7	0.009					
2890.9	0.009					
3028.9	0.009					
3070.0	0.009					
3177.2	0.009					
2989.0	0.009					
3178.4	0.009					
3080.4	0.009					
3117.8	0.009					
3026.8	0.009					
3167.0	0.009					
2992.4	0.009					
2998.0	0.009					
3058.9	0.009					
3043.7	0.009					
3082.5	0.009					
3021.4	0.009					
553.5	0.009					
3051.7	0.009					
3104.1	0.009					
3027.9	0.009					
3086.0	0.009					
2969.9	0.009					
2895.3	0.009					
2816.2	0.009					
3084.9	0.009					
3103.1	0.009					
3078.2	0.009					
3057.5	0.009					
2817.3	0.009					
2936.5	0.009					
3138.5	0.009					
469.2	0.009					
3108.7	0.009					
3003.5	0.009					
3037.1	0.009					
2893.2	0.009					
3107.5	0.009					
3065.6	0.009					
2968.8	0.009					
2970.9	0.009					
3013.4	0.009					
3061.1	0.009					
3068.8	0.009					
3008.0	0.009					
2951.0	0.009					
3052.7	0.009					
2708.6	0.009					
2897.4	0.009					
2939.6	0.009					
389.2	0.009					
2826.0	0.009					
2886.3	0.009					
2965.6	0.009					
3015.7	0.009					
2937.6	0.009					
2830.3	0.009					
2967.8	0.009					
2985.7	0.009					
3009.2	0.009					
407.3	0.008					
456.2	0.008					
583.3	0.008					
465.3	0.008					
493.3	0.007					
425.2	0.007					
291.2	0.007					
275.1	0.007					
477.3	0.007					
3191.2	0.007					
3171.5	0.007					
3182.1	0.007					
3131.8	0.007					
3135.2	0.007					
513.4	0.004					
393.3	0.004					